116359
125531
116342
122558
115743
126566
123931
119129
124315
126357
119769
127579
120441
122999
115815
125666
121720
122557
124963
127165
125387
123709
118172
115211
124403
121485
127518
124042
123574
118690
126962
115382
119327
124517
125790
124061
125862
119542
55881
118155
126935
124679
115282
119336
125585
127335
122017
127205
124236
125349
126606
124472
117736
119175
42647
124639
124846
127714
119537
119471
118332
122652
115542
127131
118495
121981
80852
122818
127615
119919
125551
120549
120364
118624
119539
121492
124851
121929
126766
127132
119181
119370
124415
125375
127243
118329
116451
124732
127202
119610
125527
115459
126980
123352
125667
118829
121432
117905
124282
115490
127387
118556
121154
127270
115667
125840
124498
127045
116410
122658
127225
125146
119805
118595
120325
127446
122350
122126
120514
122886
124659
127635
122037
124766
124057
124454
123224
124509
119460
124011
124308
118987
127489
126313
127695
123092
125542
120493
118974
124006
125211
119766
126987
124008
119147
122256
124688
126952
115495
124608
126586
122786
124714
120261
127467
107978
127440
115645
122485
124358
122562
124109
99061
118752
115799
127362
126938
122177
112002
118818
127155
125715
127566
127364
122821
124799
118496
121972
127669
124584
116344
56561
119588
117494
127046
123727
119304
120587
125668
118797
126447
125226
124382
127577
115830
127480
118387
119738
124330
124390
119658
122016
122555
124902
123076
118383
96132
127331
121987
124803
124402
123979
118661
127609
125186
124145
123081
121383
121384
115706
124319
127416
119956
116919
125286
122656
122743
125847
127409
119318
124151
126819
119306
118965
127333
124023
122693
118150
119411
118057
125720
124996
127580
118813
122686
122528
124562
118475
123745
127047
127059
123711
127771
116493
127144
125158
118395
124337
124474
119939
115630
115682
123285
127272
119518
118848
121568
125481
125785
125455
115622
119249
125437
124505
123145
125743
118205
120429
127575
122078
126376
124146
125685
127459
116278
121910
124287
124229
116350
125273
119507
124135
122997
119453
119401
124701
123993
124734
116429
124341
118580
126912
127211
119437
119835
121552
124847
126382
118433
126772
127194
126342
118828
125253
119525
118849
119352
118494
122443
126221
124197
124657
126649
117815
127223
121441
119062
124210
119477
124900
127582
125309
127405
119174
123012
116828
126818
117515
125678
118988
124563
124311
125005
119557
127060
123322
118116
31229
115063
127083
122700
126886
126426
127157
119373
125474
119495
116578
115535
127195
118406
124673
122866
127027
119547
115696
123312
119767
115197
127082
126960
124674
120353
115265
116345
126983
122326
127209
122439
122607
127296
119523
116574
122480
126978
115658
119848
119066
124650
124397
127565
106783
119609
115800
117544
115747
118874
116851
119438
124189
121824
127196
118961
115757
115776
119135
122747
124401
122144
127629
122467
118408
119385
121460
124055
127332
122581
125301
122487
122389
118776
127039
127219
125333
122062
124708
122502
