126837
125327
125522
116105
118356
123607
124051
118982
118114
124393
123003
125055
123049
117258
123971
118139
124644
122672
123022
127435
118206
119614
117879
125371
117935
117526
119685
123698
126336
118260
127009
124017
126435
123085
127026
126850
122765
127496
123196
127008
123999
123735
123176
123782
125339
123278
125425
126896
126796
116356
115145
127512
127018
115314
125381
126869
122231
122709
123852
123207
123640
122300
126854
120461
123069
123411
126805
123459
123696
123358
122995
126809
117837
127021
125699
122680
123978
126930
115073
124018
123689
123308
124245
124542
122674
123867
123827
125418
115550
124389
123783
122447
125296
118089
123840
122878
127301
117694
118176
122864
117971
123716
124129
123661
122667
117734
122597
127012
117438
117186
123682
127631
127253
123686
125826
117606
123524
123774
117678
35893
124234
118103
124232
122938
127640
123811
124270
117866
126159
123612
123701
123183
125441
126632
116696
123816
121942
80868
119127
99266
122849
124047
127470
127620
123611
126829
119226
123086
118268
125139
126794
116475
123669
125597
119281
124281
123815
123688
123609
126895
123757
125676
126961
125379
42563
123961
126333
43033
68237
123987
123129
123821
122788
124063
118158
121808
123657
126505
125036
122176
123001
118031
124086
125269
123517
126407
125306
122934
122833
122967
123744
118120
122529
119481
126791
125077
119153
119389
122503
122600
123721
123825
122890
118229
118013
125453
123677
125326
127116
123258
124070
117996
36718
122594
123687
123160
123287
126792
125034
123764
124090
122895
122473
118749
118227
124161
123587
123569
124111
124089
118034
105220
126783
122384
118337
123837
125390
118440
123924
127523
118140
124178
122623
127532
126404
122905
117993
118214
118170
123836
115742
122918
125404
125858
116843
126838
126832
123847
124252
117867
125373
121598
123884
125137
123759
126280
127486
115011
123654
123029
125456
126864
113207
127561
126786
