127457
115639
124772
124088
125853
123442
123098
126129
125812
124565
123464
123905
123381
122387
125861
126822
124098
119705
123360
123992
125600
123970
126172
107889
126970
126310
127526
126157
125653
126190
123255
117057
122978
126476
124793
121260
124117
124640
124072
125757
119490
126692
123391
121266
124291
126773
127504
127499
124724
127245
127383
127528
123647
123933
127382
127645
118490
125470
122940
125505
124060
124029
125218
127343
123418
119795
124471
124998
123960
119076
79296
124200
124780
126391
127228
123956
120543
126751
127312
122620
126354
125654
118148
124231
122990
126143
115785
127399
127213
124726
127398
123982
123415
127765
123214
123448
119417
123515
119700
118335
121692
123752
125692
123450
118631
125066
124506
123484
126158
125822
122933
124379
124869
121424
124038
124407
127451
126572
118545
122869
125297
115641
124233
115801
123091
126471
125480
121826
123954
124162
125803
118027
123108
124380
127493
123218
123947
127628
118711
123951
73252
127785
119591
121529
123980
126589
122702
119555
124700
127665
123936
127356
121728
125320
126597
124433
126611
124560
116575
124827
125626
126768
121793
127086
123950
127407
124263
127584
122690
124917
124119
125596
123660
116620
125344
126478
116872
126501
125516
125343
126485
119271
118680
125221
126247
127081
122791
121868
118247
127593
123935
127171
125388
126680
126306
124398
125660
127430
127114
127385
121718
123233
115214
125714
123238
115758
119785
127058
127370
124680
127550
127400
118774
123850
125377
127379
124602
126954
123327
127248
123125
123944
125718
124870
123493
118330
121499
123320
124941
127378
125523
125467
119472
123336
123404
124872
115477
125559
122163
125876
122606
123929
124283
124294
124307
124214
118674
123042
122533
121949
122822
122270
127548
127231
123326
124124
121821
126175
118525
119159
123540
127699
127659
127373
126488
127624
115793
118173
123797
124957
125427
125832
124864
124141
123398
126956
127531
123257
122909
124432
127711
124769
122692
126480
121719
125433
126289
124138
112082
119445
127429
118772
121943
123213
123065
124075
127285
122980
126359
122589
124155
127247
127254
126499
115709
127702
124347
123583
122430
119313
127541
125346
125661
125394
127468
124156
124909
124125
124599
125194
126474
127469
123345
125662
108629
127552
121641
117148
123070
127592
126774
124176
115683
124275
122449
127663
123229
123819
125008
127501
124580
115767
127554
126495
119676
123427
126472
119659
124120
122432
124711
126549
119783
123064
123952
122746
123930
123939
127355
124911
126556
125515
126965
118805
123435
117353
126588
126981
125648
126506
127391
127029
127781
117563
127403
121812
125615
124255
123198
126473
124809
122391
122316
126276
126716
122295
126512
126440
115675
126502
127500
127088
78985
123335
127465
122614
127353
121785
119718
126316
127174
123366
69320
123938
122919
123927
126192
125735
117479
125810
125363
115832
122390
123319
127458
115770
126191
121850
116795
124765
122647
119487
110685
126080
127539
127258
123058
122069
122783
124246
127549
122060
